C:\Users\daan\miniconda3\envs\BoardGameRecognition\python.exe C:/Users/daan/PycharmProjects/ScalableRecognition/online_debug_clean.py
Start processing folder 'testset/Easy/' with tree 'sift_all_tree.p'
position index OrderedDict([(-1, 12), (0, 99), (1, 1), (10, 1), (20, 1), (29, 1), (40, 1)])
Certainty percentage correct OrderedDict([(37.70343580470163, 1), (38.75968992248062, 1), (45.04249291784703, 1), (54.52261306532663, 1), (61.26984126984127, 1), (61.67883211678832, 1), (62.78538812785388, 1), (64.25992779783394, 1), (65.86483390607101, 1), (68.51549755301795, 1), (68.5672514619883, 1), (68.93014167073767, 1), (69.96992481203007, 1), (71.52317880794702, 1), (71.52974504249292, 1), (72.02072538860104, 1), (75.26427061310783, 1), (76.58450704225352, 1), (76.70250896057348, 1), (81.34328358208955, 1), (83.17560462670873, 1), (83.23170731707317, 1), (86.24052004333694, 1), (88.80597014925372, 1), (89.80716253443526, 1), (90.05988023952096, 1), (92.74809160305344, 1), (92.8, 1), (92.81183932346723, 1), (93.11926605504587, 1), (93.49030470914127, 1), (93.81720430107526, 1), (94.07821229050279, 1), (94.08450704225352, 1), (94.1385435168739, 1), (94.34850863422292, 1), (94.36936936936937, 1), (94.53551912568307, 1), (94.68085106382979, 1), (94.98607242339833, 1), (95.23809523809524, 1), (95.30516431924883, 1), (95.39473684210526, 1), (95.54263565891473, 1), (95.54455445544555, 1), (95.5521472392638, 1), (95.58232931726907, 1), (95.89403973509934, 1), (96.04685212298682, 1), (96.38783269961978, 1), (96.5391621129326, 1), (96.66666666666667, 1), (96.67519181585678, 1), (96.79389312977099, 1), (96.81274900398407, 1), (96.85414680648236, 1), (96.9376979936642, 1), (97.0, 1), (97.09639953542393, 1), (97.1671388101983, 1), (97.20930232558139, 1), (97.35099337748345, 1), (97.36024844720497, 1), (97.44597249508841, 1), (97.52212389380531, 1), (97.68250289687138, 1), (97.83393501805054, 1), (98.07445442875482, 1), (98.12369701181376, 1), (98.1348637015782, 1), (98.22784810126582, 1), (98.27586206896552, 1), (98.2905982905983, 1), (98.3739837398374, 1), (98.49462365591398, 1), (98.50746268656717, 1), (98.72340425531915, 1), (98.80478087649402, 1), (98.89240506329114, 1), (98.92530897367007, 1), (99.09969989996665, 1), (99.10714285714286, 1), (99.16550764951322, 1), (99.16666666666667, 1), (99.1701244813278, 1), (99.1825613079019, 1), (99.27083333333333, 1), (99.48783610755441, 1), (99.6387718242023, 1), (100.0, 11)])
Certainty percentage incorrect OrderedDict([(0.25, 1), (0.7, 1), (1.0, 3), (1.0909090909090908, 1), (1.6129032258064515, 1), (2.0, 1), (2.9411764705882355, 2), (25.141776937618147, 1), (26.53448275862069, 1), (35.973333333333336, 1), (95.81993569131832, 1)])
Certain [97, 1]
Uncertain [3, 13]
No Result [2, 0]
Start processing folder 'testset/Hard/' with tree 'sift_all_tree.p'
position index OrderedDict([(-1, 9), (0, 62), (1, 2), (2, 3), (5, 1), (7, 1), (9, 1), (14, 1), (20, 1), (25, 1), (30, 2), (32, 1), (33, 1), (34, 1), (51, 1), (54, 1), (55, 1), (61, 1), (66, 1), (70, 1), (76, 1), (111, 1), (172, 1), (175, 1), (363, 1), (367, 1), (386, 1), (773, 1), (776, 1), (949, 1), (1320, 1), (2198, 1), (2467, 1), (3680, 1), (3863, 1), (4165, 1), (7564, 1), (12126, 1), (12407, 1), (17678, 1), (25518, 1), (39143, 1), (39914, 1), (51765, 1)])
Certainty percentage correct OrderedDict([(17.470588235294116, 1), (40.63116370808679, 1), (50.0, 1), (53.28947368421053, 1), (53.55648535564853, 1), (53.57710651828299, 1), (56.9041095890411, 1), (59.2967032967033, 1), (60.416666666666664, 1), (64.16510318949344, 1), (64.9171270718232, 1), (65.73426573426573, 1), (66.4850136239782, 1), (66.67289719626169, 1), (71.0, 1), (74.86338797814207, 1), (77.67295597484276, 1), (87.05882352941177, 1), (87.34693877551021, 1), (87.87878787878788, 1), (88.998899889989, 1), (89.3709327548807, 1), (90.90019569471625, 1), (91.36363636363636, 1), (92.17877094972067, 1), (92.84750337381917, 1), (93.68770764119601, 1), (94.17670682730923, 1), (94.34782608695652, 1), (94.4206008583691, 1), (94.52380952380952, 1), (95.36679536679537, 1), (96.20253164556962, 1), (96.24573378839591, 1), (96.29629629629629, 2), (96.38273045507584, 1), (96.55581947743468, 1), (96.71361502347418, 1), (96.71875, 1), (96.84210526315789, 1), (96.98340874811463, 1), (97.16981132075472, 1), (97.37609329446065, 1), (97.4820143884892, 1), (97.56944444444444, 1), (98.1264637002342, 1), (98.31387808041505, 1), (98.36065573770492, 1), (98.51063829787235, 1), (98.51851851851852, 1), (98.67452135493373, 1), (98.72306464485236, 1), (98.77800407331975, 1), (98.9492119089317, 1), (98.95366218236174, 1), (98.97610921501706, 1), (99.12408759124088, 1), (99.14320685434517, 1), (100.0, 8)])
Certainty percentage incorrect OrderedDict([(0.3333333333333333, 2), (0.5, 3), (0.5384615384615384, 1), (0.7, 1), (0.7368421052631579, 1), (0.8888888888888888, 1), (1.0, 3), (1.0769230769230769, 3), (1.1428571428571428, 1), (1.2, 1), (1.6363636363636365, 1), (1.65, 1), (1.7142857142857142, 5), (1.7241379310344827, 1), (1.7837837837837838, 1), (2.0, 1), (2.4, 1), (3.0, 1), (3.3846153846153846, 1), (4.0, 1), (7.0344827586206895, 1), (8.06060606060606, 1), (10.181818181818182, 1), (11.0, 1)])
Certain [61, 0]
Uncertain [6, 35]
No Result [15, 0]
Start processing folder 'testset/Junk/' with tree 'sift_all_tree.p'
position index OrderedDict([(-1, 32)])
Certainty percentage correct OrderedDict()
Certainty percentage incorrect OrderedDict()
Certain [0, 0]
Uncertain [0, 0]
No Result [0, 2]
Average time per image: 1.33s.
Percentages: Preprocessing images 0.78, Calculating kp & des 7.36, Initial Scoring 61.23, Accuracy Testing 4.24, Final Scoring 26.38, Certainty Calculation 0.00.

Process finished with exit code 0
